  1.0000000e+000 -7.1051757e-001 -1.1833204e+000 -1.3724416e+000 -1.5930829e+000 -1.4670021e+000 -1.3724416e+000 -1.0887599e+000  4.5966947e-002  9.2853223e-001  1.0861332e+000  1.2752543e+000  9.6005242e-001  6.1333034e-001  1.4446758e-002 -6.4747720e-001 -2.6923494e-001 -2.0619456e-001  6.1333034e-001  1.3698149e+000  1.4643754e+000  1.0546130e+000  5.8181015e-001  1.7204770e-001 -2.6923494e-001
  1.0000000e+000 -9.9300935e-001 -1.4267865e+000 -1.5798843e+000 -1.6054006e+000 -1.6309169e+000 -1.3757539e+000 -1.0185257e+000 -3.5510183e-001  7.1658276e-001  1.2013925e+000  1.1248436e+000  1.0482947e+000  7.9313166e-001  4.6141977e-001  4.8693607e-001  5.6348497e-001  6.1451757e-001  3.0832197e-001  2.5728936e-001  1.0993273e+000  1.0482947e+000  6.9106647e-001 -4.8906237e-002 -3.8061813e-001
  2.0000000e+000  1.3190669e+000  5.6977448e-001  1.9512825e-001 -8.5856424e-002 -1.7951799e-001 -2.7317954e-001 -8.5856424e-002 -1.3971182e+000 -1.1161336e+000 -7.4148733e-001  7.8051347e-003 -8.5856424e-002  7.8051347e-003 -4.6050266e-001 -5.5416422e-001 -7.4148733e-001 -7.4148733e-001 -7.4148733e-001 -1.1161336e+000 -4.6050266e-001  4.7611292e-001  2.3493441e+000  2.2556825e+000  1.6000516e+000
  2.0000000e+000 -8.1244429e-001 -1.1575534e+000 -1.4163852e+000 -1.5314215e+000 -1.5026624e+000 -1.4163852e+000 -1.6464579e+000 -4.6733521e-001  6.5426930e-001  1.0568965e+000  1.3444874e+000  1.2006920e+000  9.9937838e-001  6.5426930e-001  7.4054657e-001  8.8434202e-001  8.8434202e-001  6.8302839e-001  6.2551021e-001  4.2419658e-001 -7.1897655e-003 -3.5948855e-002  1.0784660e-001 -2.6602157e-001
  1.0000000e+000 -9.7284033e-001 -1.3905178e+000 -1.5367049e+000 -1.6202404e+000 -1.6202404e+000 -1.4531694e+000 -9.9372420e-001  5.0469368e-002  6.3521776e-001  1.0320113e+000  8.0228873e-001  8.2317260e-001  6.5610163e-001  3.8461130e-001  3.2195969e-001  4.8903066e-001  6.1433389e-001  1.3035016e+000  1.2408500e+000  1.0737791e+000  5.5168227e-001  4.2637904e-001 -1.7925321e-001 -6.3869838e-001
  1.0000000e+000  3.6742384e-001 -2.7780827e-001 -7.6173234e-001 -8.6927102e-001 -1.1381178e+000 -1.0843484e+000 -1.1381178e+000 -6.0042432e-001 -1.0843484e+000 -2.7780827e-001  3.6742384e-001  4.7496251e-001  5.2873185e-001  9.8577125e-002 -2.7780827e-001 -3.8534696e-001 -6.0042432e-001 -5.4665497e-001 -4.9288564e-001  3.6742384e-001  2.3031202e+000  2.0880428e+000  1.7654268e+000  1.1739640e+000
  2.0000000e+000  8.7212802e-002 -5.7645530e-001 -1.0869692e+000 -1.3932776e+000 -1.3932776e+000 -1.2911748e+000 -1.7506373e+000 -7.2960947e-001  3.4246976e-001  1.7208573e+000  1.8229601e+000  1.7719087e+000  1.1592920e+000  8.0193229e-001  1.8931559e-001 -1.4889982e-002 -6.5941374e-002 -6.5941374e-002 -1.4889982e-002  8.7212802e-002 -3.2119833e-001 -2.1909555e-001  7.5088090e-001  1.8931559e-001
  1.0000000e+000 -1.0990687e+000 -1.3755640e+000 -1.5230281e+000 -1.5598942e+000 -1.5967602e+000 -1.4308630e+000 -1.1359347e+000 -2.3271685e-001  6.5206800e-001  9.4699629e-001  1.0022954e+000  9.1013026e-001  7.9953215e-001  4.3087179e-001  5.5990291e-001  6.3363499e-001  8.3639818e-001  7.8109913e-001  1.2050586e+000  9.8386233e-001  5.9676895e-001  3.0184066e-001 -1.2211874e-001 -5.6451118e-001
  1.0000000e+000 -1.1498699e+000 -1.5492459e+000 -1.4893395e+000 -1.5692147e+000 -1.5692147e+000 -1.4494019e+000 -1.0899635e+000  8.8195523e-002  3.4778990e-001  1.0666666e+000  1.1066042e+000  1.0466978e+000  6.4732186e-001  5.0754028e-001  6.0738427e-001  6.2735306e-001  6.8725946e-001  7.2719705e-001  1.0666666e+000  9.6682264e-001  5.8741547e-001  3.6775869e-001 -7.1554863e-002 -5.1086841e-001
  2.0000000e+000 -7.5623962e-001 -1.1883766e+000 -1.3154757e+000 -1.4425748e+000 -1.4425748e+000 -1.2900559e+000 -1.5442541e+000 -8.8333872e-001  4.1307207e-001  1.2010865e+000  1.2773460e+000  1.2519261e+000  9.9772791e-001  8.4520900e-001  8.9604864e-001  9.7230809e-001  1.0231478e+000  7.1810990e-001  3.1139279e-001  4.8933153e-001 -1.4616395e-001 -1.9700358e-001  5.7194601e-002 -2.4784322e-001
  2.0000000e+000 -5.0951707e-001 -1.2395714e+000 -1.2395714e+000 -1.6045985e+000 -1.6045985e+000 -1.1483146e+000 -7.8328746e-001 -1.2395714e+000 -1.4448992e-001  9.5059156e-001  1.3156187e+000  1.4981323e+000  1.2243619e+000  8.5933478e-001  4.9430761e-001  7.6807799e-001  4.9430761e-001  4.9430761e-001  1.2928045e-001 -3.2700349e-001 -6.9203065e-001  1.0418483e+000  8.5933478e-001  4.0305082e-001
  1.0000000e+000 -1.0048172e+000 -1.3816236e+000 -1.5574667e+000 -1.6077075e+000 -1.6579484e+000 -1.4318645e+000 -1.0801785e+000  2.2608387e-001  9.2945590e-001  1.1806602e+000  1.1052989e+000  8.7921505e-001  7.2849247e-001  5.2752903e-001  5.5264946e-001  6.5313118e-001  5.7776989e-001  2.7632473e-001  2.2608387e-001  1.2057806e+000  7.7873333e-001  5.2752903e-001  2.5120436e-002 -6.7825161e-001
  1.0000000e+000 -9.7486577e-001 -1.2824483e+000 -1.5490198e+000 -1.6105364e+000 -1.6310419e+000 -1.4875033e+000 -1.0158768e+000 -1.3414016e-001  6.8607994e-001  1.0346735e+000  1.0141680e+000  8.9113497e-001  5.2203592e-001  4.4001391e-001  3.9900291e-001  4.1950841e-001  5.4254143e-001  1.3012450e+000  1.2192230e+000  9.1164047e-001  5.8355243e-001  5.2203592e-001 -1.9565667e-001 -6.0576673e-001
  2.0000000e+000 -8.7491530e-001 -1.2653157e+000 -1.4884017e+000 -1.6836019e+000 -1.6836019e+000 -1.5162874e+000 -1.2653157e+000 -3.1720038e-001  5.1937202e-001  1.1328584e+000  1.1886299e+000  1.1886299e+000  8.8188674e-001  5.7514352e-001  6.0302927e-001  6.3091502e-001  8.8188674e-001  4.9148628e-001  2.6840031e-001  3.5205754e-001  8.8188674e-001  6.3091502e-001  1.5685732e-001 -2.8931464e-001
  1.0000000e+000 -9.6432326e-001 -1.4332951e+000 -1.5270895e+000 -1.6208838e+000 -1.6677810e+000 -1.4332951e+000 -9.6432326e-001 -2.3741698e-001  6.5362945e-001  1.1460499e+000  1.1460499e+000  1.0053583e+000  7.7087240e-001  3.7224636e-001  3.7224636e-001  5.5983509e-001  5.3638650e-001  3.9569495e-001  4.6604073e-001  1.4039844e+000  8.8811534e-001  5.5983509e-001  6.7414695e-002 -4.9535147e-001
  2.0000000e+000  8.3967029e-001 -3.6945493e-001 -4.2703232e-001 -8.3007406e-001 -9.4522885e-001 -8.8765145e-001 -1.8088897e+000 -1.5210028e+000 -1.1179610e+000 -4.2703232e-001  3.7905116e-001  6.6693812e-001  8.3967029e-001  1.4874160e-001 -8.1567973e-002 -3.1187754e-001 -5.4218710e-001 -2.5430015e-001 -2.3990582e-002  3.7905116e-001  9.5482508e-001  2.1639503e+000  1.7033312e+000  1.4730216e+000
  1.0000000e+000 -5.8551540e-001 -8.1972157e-001 -1.1877598e+000 -1.4554240e+000 -1.7900042e+000 -1.3885080e+000 -1.0539277e+000 -4.1822529e-001 -4.5168331e-001  1.1710308e-001  5.1859936e-001  6.5243145e-001  5.5205738e-001  2.1747715e-001 -1.1710308e-001 -4.8514133e-001  1.6729013e-002  1.1543018e+000  1.4219660e+000  1.6227141e+000  1.5223400e+000  1.3215919e+000  6.8588947e-001 -5.0187035e-002
  1.0000000e+000 -2.5805705e-001 -7.3143556e-001 -1.1259177e+000 -1.3626070e+000 -1.4809516e+000 -1.4415034e+000 -1.0864695e+000 -7.7088377e-001 -8.1033198e-001  1.8080433e-002  3.3366612e-001  6.4925181e-001  6.8870002e-001 -1.0026420e-001 -2.1860884e-001 -2.9750526e-001 -2.5805705e-001  8.8594105e-001  1.5171125e+000  1.7143535e+000  1.6354571e+000  1.3593196e+000  8.4649285e-001  2.9421791e-001
  2.0000000e+000 -8.6958450e-001 -1.2261027e+000 -1.4180741e+000 -1.5277720e+000 -1.5277720e+000 -1.4729230e+000 -1.5551964e+000 -6.5018867e-001  5.0163941e-001  1.1872514e+000  1.2146758e+000  1.2969493e+000  1.0227045e+000  6.9361076e-001  6.9361076e-001  8.0330867e-001  8.0330867e-001  6.6618628e-001  3.9194150e-001  3.3709254e-001  9.0272243e-002  1.1769672e-001  4.4679046e-001 -1.9425670e-002
  1.0000000e+000 -1.0706800e+000 -1.3139809e+000 -1.4824200e+000 -1.5572818e+000 -1.5572818e+000 -1.4824200e+000 -1.0519645e+000 -1.7233815e-001  4.6398732e-001  9.6930461e-001  9.3187370e-001  9.1315825e-001  6.8857278e-001  6.3242641e-001  4.8270278e-001  5.2013369e-001  6.5114187e-001  1.2874673e+000  1.0815973e+000  1.0628819e+000  6.6985732e-001  3.1426368e-001 -2.6591542e-001 -7.1508634e-001
  1.0000000e+000 -1.0419662e+000 -1.3488029e+000 -1.5213985e+000 -1.6172850e+000 -1.6364623e+000 -1.2145619e+000 -1.0994981e+000 -2.5569723e-001  7.7987657e-001  1.1442451e+000  1.1634224e+000  9.7164950e-001  8.5658575e-001  4.9221718e-001  4.5386259e-001  5.3057176e-001  7.0316739e-001  6.8399010e-001  1.1058905e+000  1.0100041e+000  5.1139447e-001  2.4291237e-001 -2.1734265e-001 -6.9677498e-001
  2.0000000e+000 -8.1286761e-001 -1.1727142e+000 -1.5068574e+000 -1.5582640e+000 -1.6096707e+000 -1.3783408e+000 -1.1213075e+000 -6.3294435e-001  6.2651852e-001  1.3205083e+000  1.3976183e+000  1.3976183e+000  1.1662883e+000  7.5503514e-001  6.5222184e-001  7.0362849e-001  6.7792517e-001  4.2089193e-001  2.9237531e-001  8.6748719e-002  9.6387477e-003  5.2370523e-001  1.8956202e-001 -4.2731777e-001
  1.0000000e+000 -1.0944947e+000 -1.3613994e+000 -1.6060620e+000 -1.6505462e+000 -1.6505462e+000 -1.4726097e+000 -1.1167367e+000  2.6227095e-001  8.4056449e-001  1.1297113e+000  1.1074692e+000  1.0185010e+000  7.7383832e-001  3.7348125e-001  3.7348125e-001  5.9590184e-001  5.5141772e-001  3.5123919e-001  5.0693361e-001  1.1741954e+000  7.5159626e-001  4.6244949e-001  1.7608295e-002 -3.3826465e-001
  1.0000000e+000 -8.3894258e-001 -1.1511073e+000 -1.4632719e+000 -1.5881378e+000 -1.7130037e+000 -1.4320555e+000 -1.0262414e+000 -4.3312850e-001  2.2241734e-001  4.4093261e-001  9.7161257e-001  1.0340455e+000  8.1553023e-001  4.4093261e-001  9.7551463e-002  9.7551463e-002  1.2876793e-001  1.0340455e+000  1.3774267e+000  1.4710761e+000  1.0964784e+000  6.9066436e-001  6.6334995e-002 -3.3947909e-001
  1.0000000e+000 -9.6550567e-001 -1.3449880e+000 -1.5584468e+000 -1.6533173e+000 -1.6295997e+000 -1.4635762e+000 -1.0603763e+000  7.8070577e-002  6.2357635e-001  1.2639527e+000  1.1927998e+000  9.5562332e-001  7.8959982e-001  3.6268228e-001  4.1011757e-001  3.3896464e-001  5.0498814e-001  3.3896464e-001  5.2870578e-001  1.4299762e+000  8.1331747e-001  5.0498814e-001 -1.6799991e-002 -4.4371754e-001
  1.0000000e+000 -4.0497694e-001 -1.0099218e+000 -1.3325590e+000 -1.4535479e+000 -1.4938776e+000 -1.2922293e+000 -8.4860314e-001 -5.2596590e-001  8.0491268e-001  1.4098575e+000  1.4098575e+000  1.2082092e+000  7.6458302e-001  1.1930856e-001 -3.2431763e-001 -2.4365833e-001 -1.6299902e-001 -4.4530660e-001 -1.6299902e-001  1.7324947e+000  1.4098575e+000  9.2590164e-001  1.5963821e-001 -2.4365833e-001
  1.0000000e+000 -9.2024696e-001 -1.3825106e+000 -1.5365984e+000 -1.6136424e+000 -1.6393237e+000 -1.4338732e+000 -9.9729089e-001 -3.0389550e-001  6.7199430e-001  1.1342579e+000  1.2113018e+000  1.2113018e+000  7.7471954e-001  3.6381857e-001  3.8949988e-001  3.3813726e-001  4.6654381e-001  3.8949988e-001  3.8949988e-001  1.3910710e+000  9.0312610e-001  6.2063168e-001 -9.8445017e-002 -3.2957681e-001
  2.0000000e+000 -6.4846556e-001 -1.0947214e+000 -1.3736314e+000 -1.4851953e+000 -1.6525413e+000 -1.4294133e+000 -8.1581151e-001 -8.7159350e-001  1.3248221e-001  1.0807759e+000  1.3596859e+000  1.3596859e+000  1.3039039e+000  8.5764799e-001  8.0186601e-001  9.1342997e-001  1.0807759e+000  5.7873808e-001  3.5561015e-001 -3.4863743e-002 -7.0424755e-001  1.8826420e-001  2.9982816e-001 -2.0220969e-001
  2.0000000e+000 -9.7386362e-001 -1.2951382e+000 -1.5628670e+000 -1.6431857e+000 -1.5093212e+000 -1.5093212e+000 -1.0809551e+000 -3.8486020e-001  4.7187205e-001  1.3821501e+000  1.3286043e+000  1.2750585e+000  9.0023817e-001  6.5928223e-001  7.1282800e-001  7.1282800e-001  6.3250935e-001  3.6478052e-001  2.8446188e-001  1.2382458e-001  3.1123476e-001  8.4669241e-001  2.3091611e-001 -2.7776867e-001
  1.0000000e+000 -8.8821875e-001 -1.3608299e+000 -1.5846983e+000 -1.6095726e+000 -1.5846983e+000 -1.4603270e+000 -9.8771583e-001 -5.1510469e-001  5.0474041e-001  1.1017229e+000  1.1763457e+000  1.0271001e+000  6.7886030e-001  3.3062051e-001  4.5499187e-001  4.5499187e-001  5.7936322e-001  4.3011760e-001  4.5499187e-001  1.4499627e+000  9.5247728e-001  7.5348312e-001  5.7003537e-002 -4.1560761e-001
  1.0000000e+000 -1.0434107e+000 -1.3483344e+000 -1.5007963e+000 -1.5770272e+000 -1.6342004e+000 -1.4626808e+000 -1.0815262e+000 -2.8110152e-001  8.4330456e-001  9.7670867e-001  9.7670867e-001  8.6236229e-001  7.0990045e-001  3.8591904e-001  5.3838088e-001  5.1932315e-001  7.4801591e-001  1.0148241e+000  1.1672860e+000  1.0338819e+000  5.1932315e-001  3.0968812e-001 -1.0958195e-001 -5.6696746e-001
  2.0000000e+000  3.3926348e-001 -3.2541599e-001 -7.1314569e-001 -9.3470552e-001 -1.1008754e+000 -1.1008754e+000 -8.7931556e-001 -5.4697582e-001 -9.9009547e-001 -3.2541599e-001  2.8387353e-001  6.1621327e-001  5.0543335e-001  1.1770366e-001 -3.8080595e-001 -5.4697582e-001 -7.1314569e-001 -7.1314569e-001 -3.8080595e-001  4.5004340e-001  2.3886919e+000  2.0563521e+000  1.7240124e+000  1.1701128e+000
  2.0000000e+000 -7.5212665e-001 -1.0692752e+000 -1.3599948e+000 -1.4921400e+000 -1.5185690e+000 -1.3864238e+000 -1.4921400e+000 -5.9355236e-001  4.1075145e-001  1.1507648e+000  1.3093391e+000  1.2829100e+000  1.0714776e+000  8.6004526e-001  9.3933241e-001  9.1290336e-001  9.9219050e-001  7.2790002e-001  4.6360955e-001  2.7860621e-001 -1.7068760e-001 -1.9711665e-001 -1.1782950e-001 -2.4997474e-001
  1.0000000e+000 -3.5731046e-001 -8.5204800e-001 -1.3055574e+000 -1.4704699e+000 -1.5116980e+000 -1.4704699e+000 -1.0169605e+000 -7.2836361e-001 -4.3976671e-001  1.3742692e-002  6.7339274e-001  7.5584899e-001  7.5584899e-001  1.7865520e-001 -3.9853859e-001 -2.7485420e-001 -2.7485436e-002  1.0856741e+000  1.5391835e+000  1.6628679e+000  1.5391835e+000  1.0856741e+000  5.9093648e-001 -2.7485436e-002
  2.0000000e+000  6.5389251e-002 -5.2987845e-001 -1.1251461e+000 -1.3957223e+000 -1.4498376e+000 -1.2874918e+000 -1.9909900e+000 -7.4633943e-001  5.5242645e-001  1.4723856e+000  1.8511923e+000  1.7429618e+000  1.2559246e+000  4.9831121e-001 -9.6956484e-002  1.7361974e-001  1.1950450e-001  6.5389251e-002  6.5389251e-002  2.8185023e-001  1.1274006e-002 -9.6956484e-002  5.5242645e-001  1.1274006e-002
  2.0000000e+000 -8.9604071e-001 -1.2312502e+000 -1.4117476e+000 -1.4891037e+000 -1.4891037e+000 -1.4375330e+000 -1.4891037e+000 -7.4132864e-001  4.7058254e-001  1.2183575e+000  1.1925722e+000  1.1410015e+000  1.1152162e+000  7.5422134e-001  7.2843599e-001  8.5736271e-001  8.3157737e-001  9.6050409e-001  2.9008513e-001  3.6744116e-001  6.4463443e-003  5.8017034e-002  2.6429978e-001 -7.0909689e-002
  1.0000000e+000 -1.1149260e+000 -1.3384192e+000 -1.5212772e+000 -1.6025474e+000 -1.6025474e+000 -1.5009596e+000 -1.0336558e+000 -7.8730541e-002  4.9016110e-001  7.3397180e-001  6.9333668e-001  9.3714738e-001  9.7778250e-001  5.5111377e-001  5.5111377e-001  7.3397180e-001  8.1524203e-001  1.0996878e+000  1.0387352e+000  1.0793703e+000  6.1206645e-001  2.4635040e-001 -1.6000077e-001 -6.0698706e-001
  2.0000000e+000  2.0810137e-001 -5.6484656e-001 -1.0405068e+000 -1.2783370e+000 -1.3377945e+000 -1.0999644e+000 -1.8134548e+000 -7.4321916e-001  3.2701643e-001  1.6945397e+000  2.2296575e+000  1.8134548e+000  1.0405068e+000  2.0810137e-001 -2.9728762e-002  2.9728771e-002  2.9728771e-002  2.9728771e-002 -1.4864383e-001  2.9728771e-002 -2.0810137e-001 -2.6755890e-001  7.4321917e-001  1.4864383e-001
  1.0000000e+000 -1.1454914e+000 -1.3887816e+000 -1.6077428e+000 -1.6320718e+000 -1.5834138e+000 -1.3401236e+000 -9.0220116e-001 -4.8860781e-001  5.3321104e-001  1.1657656e+000  1.0927785e+000  9.7113341e-001  7.0351418e-001  4.6022397e-001  3.8723691e-001  5.8186908e-001  5.5754006e-001  3.8723691e-001  3.1424985e-001  1.3360687e+000  1.1171075e+000  7.0351418e-001  7.0959654e-002 -2.9397565e-001
  2.0000000e+000 -8.8008476e-001 -1.2583030e+000 -1.4619590e+000 -1.5492401e+000 -1.6074275e+000 -1.5201464e+000 -1.0255533e+000 -7.9280362e-001  3.4185110e-001  7.7825678e-001  1.2437561e+000  1.2437561e+000  1.1564750e+000  6.6188192e-001  7.2006936e-001  8.0735049e-001  1.0691939e+000  8.6553791e-001  4.8731966e-001  4.2913224e-001  2.2547626e-001  5.1641337e-001 -9.4554558e-002 -3.5639796e-001
  1.0000000e+000 -4.1137184e-001 -6.7348487e-001 -1.1103399e+000 -1.2413964e+000 -1.4161385e+000 -1.3287674e+000 -8.4822689e-001 -5.8611386e-001 -8.0454138e-001  6.9168714e-002  6.8076578e-001  7.6813679e-001  6.3708028e-001  6.9168714e-002 -3.6768633e-001 -4.9874285e-001 -3.6768633e-001 -1.8202296e-002  1.7729034e+000  2.0350164e+000  1.5544759e+000  1.4234194e+000  6.3708028e-001  2.5483209e-002
  1.0000000e+000 -9.8673689e-001 -1.3844143e+000 -1.5037175e+000 -1.5832529e+000 -1.6230207e+000 -1.3446465e+000 -9.8673689e-001 -9.1962883e-002  9.2211434e-001  1.1209530e+000  1.1209530e+000  1.0016498e+000  8.0281114e-001  3.2559833e-001  3.4548219e-001  3.8524993e-001  5.2443700e-001  7.4315954e-001  1.2203724e+000  1.1408369e+000  5.4432087e-001  2.6594672e-001 -2.7091769e-001 -6.8847889e-001
  2.0000000e+000 -8.8996175e-001 -1.2677414e+000 -1.4421013e+000 -1.5292812e+000 -1.5292812e+000 -1.4711613e+000 -1.1805615e+000 -7.1560190e-001  2.4337730e-001  1.0570566e+000  1.2604764e+000  1.3185964e+000  1.0861166e+000  7.3739688e-001  8.2457681e-001  8.8269676e-001  9.6987669e-001  6.2115698e-001  4.4679712e-001  1.8525734e-001  9.8077418e-002  5.9209700e-001  9.8077418e-002 -3.9594217e-001
  2.0000000e+000 -2.6952283e-002 -6.2760320e-001 -1.1820502e+000 -1.5978855e+000 -1.4592737e+000 -1.2282541e+000 -1.7827011e+000 -1.2282541e+000  3.4267905e-001  1.3591652e+000  1.6825926e+000  1.5439809e+000  8.9712605e-001  4.3508688e-001  6.5455552e-002  1.5786338e-001 -2.6952283e-002  1.5786338e-001 -2.6952283e-002  1.1165947e-001  1.5786338e-001  1.0819417e+000  8.9712605e-001  2.9647513e-001
  1.0000000e+000 -1.0644100e+000 -1.3237586e+000 -1.5614948e+000 -1.6047196e+000 -1.5831072e+000 -1.4318205e+000 -9.1312324e-001 -7.0240240e-002  6.4296846e-001  9.0231707e-001  9.0231707e-001  8.5909230e-001  6.6458084e-001  3.6200746e-001  3.6200746e-001  5.1329415e-001  5.9974369e-001  6.4296846e-001  1.3561771e+000  1.3777895e+000  8.3747992e-001  3.6200746e-001 -4.8627855e-002 -7.8344893e-001
  2.0000000e+000 -7.8045950e-001 -1.1359389e+000 -1.3820400e+000 -1.4640737e+000 -1.4640737e+000 -1.3820400e+000 -1.4914182e+000 -6.7108123e-001  2.3128946e-001  1.2430384e+000  1.4617950e+000  1.4071058e+000  1.2977276e+000  6.9614709e-001  6.9614709e-001  8.3286993e-001  8.6021450e-001  4.5004599e-001  3.6801229e-001  2.5863403e-001 -1.4811635e-002  3.9877498e-002  2.0394489e-001 -2.6091274e-001
  2.0000000e+000  3.2219850e-001 -8.4789069e-002 -5.4991772e-001 -8.4062312e-001 -9.5690528e-001 -1.0150464e+000 -7.2434096e-001 -1.4801750e+000 -1.1313285e+000 -3.7549448e-001  2.6405742e-001  4.9662174e-001  4.9662174e-001  1.4777526e-001 -2.5921232e-001 -2.5921232e-001 -6.6619988e-001 -4.3363556e-001 -4.9177664e-001  2.0591634e-001  2.1827130e+000  2.2408541e+000  1.7175844e+000  1.1943147e+000
  2.0000000e+000 -7.6022146e-001 -1.2361862e+000 -1.3948411e+000 -1.5799385e+000 -1.6857084e+000 -1.3948411e+000 -1.4741686e+000 -6.0156654e-001  5.8834530e-001  1.1171950e+000  1.3022924e+000  1.2494074e+000  9.3209762e-001  7.2055773e-001  7.4700021e-001  8.2632767e-001  8.5277016e-001  6.1478779e-001  5.0901784e-001  4.0324790e-001  1.9170802e-001  8.5938081e-002  1.9170802e-001 -2.0492926e-001
  2.0000000e+000  5.0632137e-001 -3.4943306e-001 -8.6288571e-001 -1.2622378e+000 -1.3763384e+000 -1.2051875e+000 -8.6288571e-001 -1.6045395e+000 -9.7698630e-001 -6.4181578e-002  7.3452256e-001  7.9157285e-001  7.9157285e-001  1.6401960e-001 -3.4943306e-001 -2.3533247e-001 -2.3533247e-001 -2.9238276e-001 -6.4181578e-002  1.0197740e+000  1.0197740e+000  2.3319308e+000  1.4761764e+000  9.0567344e-001
  1.0000000e+000 -4.6880101e-001 -8.9853527e-001 -1.3673363e+000 -1.4454698e+000 -1.4845365e+000 -1.2501360e+000 -7.4226826e-001 -5.0786776e-001  5.0786776e-001  1.4454698e+000  1.4845365e+000  1.2110693e+000  8.2040177e-001  1.9533375e-001 -3.1253401e-001 -3.1253401e-001 -4.2973426e-001 -4.2973426e-001 -1.1720025e-001  1.7189370e+000  1.4845365e+000  9.3760203e-001  1.9533375e-001 -2.3440050e-001
  1.0000000e+000 -1.0667555e+000 -1.3887949e+000 -1.5498146e+000 -1.6418258e+000 -1.6188230e+000 -1.4348005e+000 -9.7474423e-001 -3.5366826e-001  6.3545273e-001  1.2335259e+000  1.0495034e+000  7.9647241e-001  5.8944710e-001  3.8242178e-001  4.7443303e-001  5.4344147e-001  5.4344147e-001  3.5941896e-001  4.5143022e-001  1.4175484e+000  1.0265006e+000  7.7346960e-001  8.3385197e-002 -3.3066545e-001
  2.0000000e+000 -1.9934463e-001 -7.0591453e-001 -1.2124844e+000 -1.5501976e+000 -1.5501976e+000 -1.4939121e+000 -1.0999133e+000 -9.3105670e-001 -2.5563017e-001  1.1515084e+000  1.7143638e+000  1.4892216e+000  1.1515084e+000  1.0952228e+000  8.2083086e-002 -1.9934463e-001 -3.0488000e-002 -3.0488000e-002 -8.6773544e-002  2.5797542e-002  4.7608190e-001  1.4892216e+000  5.3236744e-001  1.3836862e-001
  2.0000000e+000 -9.8161424e-001 -1.3422072e+000 -1.5345235e+000 -1.6547212e+000 -1.6066421e+000 -1.4383654e+000 -9.8161424e-001 -4.5274453e-001  7.4923210e-001  1.3021413e+000  1.3742599e+000  1.2300228e+000  9.8962743e-001  7.7327163e-001  6.5307397e-001  4.1267864e-001  6.7711350e-001  4.8479724e-001  2.4440191e-001  1.9632285e-001  1.4824378e-001  7.4923210e-001  2.4440191e-001 -2.3638874e-001
  2.0000000e+000  2.9828413e-001 -5.1807244e-001 -1.0832424e+000 -1.3344290e+000 -1.2716324e+000 -1.2088357e+000 -1.9623956e+000 -7.6925908e-001  4.8667410e-001  1.6170140e+000  1.9937940e+000  1.6798107e+000  1.2402340e+000  5.4947076e-001 -2.0408914e-001 -1.5699168e-002  1.0989415e-001 -7.8495827e-002 -1.5699168e-002 -1.5699168e-002 -1.5699168e-002 -2.6688580e-001  7.3786074e-001  4.7097491e-002
  1.0000000e+000 -4.5950334e-001 -9.3109887e-001 -1.4389710e+000 -1.5115242e+000 -1.6203539e+000 -1.4026944e+000 -8.9482229e-001  1.2092188e-002  4.8368771e-001  1.3180491e+000  1.3543256e+000  1.1003896e+000  5.1996429e-001  1.9347509e-001 -3.1439702e-001 -2.0556728e-001 -3.1439702e-001 -2.4184386e-001  3.0230482e-001  1.6808149e+000  1.6808149e+000  8.4645351e-001  1.2092193e-001 -2.7812044e-001
  2.0000000e+000 -9.5323748e-001 -1.6211995e+000 -1.3707138e+000 -1.4542090e+000 -1.4542090e+000 -1.5655360e+000 -1.1480597e+000 -2.5744370e-001  6.6100409e-001  1.1898074e+000  1.2176391e+000  1.2454709e+000  9.9498511e-001  6.0534059e-001  6.6100409e-001  7.1666760e-001  9.1148986e-001  5.2184534e-001  4.6618183e-001  2.7135958e-001  7.4449935e-001  2.9919133e-001 -1.7394845e-001 -5.0792946e-001
  2.0000000e+000 -8.2903973e-001 -1.1943792e+000 -1.5035127e+000 -1.6440279e+000 -1.5878218e+000 -1.4754097e+000 -1.4473066e+000 -2.1077281e-001  6.8852451e-001  1.2786884e+000  1.2505853e+000  1.2505853e+000  9.9765796e-001  6.6042147e-001  6.3231843e-001  8.5714275e-001  7.7283363e-001  6.0421538e-001  2.9508193e-001  1.5456673e-001  1.2646369e-001  2.1077281e-001  3.2318497e-001 -2.1077281e-001
  1.0000000e+000 -1.1189816e+000 -1.4020974e+000 -1.5436553e+000 -1.6043230e+000 -1.5436553e+000 -1.3818749e+000 -1.0583139e+000 -2.0896646e-001  4.5837801e-001  9.6394199e-001  1.0043871e+000  6.6060360e-001  7.2127128e-001  5.5949080e-001  5.9993592e-001  8.8305175e-001  8.0216151e-001  1.0650548e+000  1.1054999e+000  1.0043871e+000  5.7971336e-001  2.7637497e-001 -2.4941158e-001 -5.7297253e-001
  1.0000000e+000 -5.2620727e-002 -5.7519896e-001 -1.0977772e+000 -1.3590663e+000 -1.4461627e+000 -1.4026145e+000 -9.6713263e-001 -6.1874714e-001 -8.3648807e-001 -1.3971710e-001  5.5705388e-001  6.0060207e-001  5.5705388e-001  1.2157202e-001 -3.5745803e-001 -3.1390984e-001 -5.3165077e-001 -5.2620727e-002  1.4715658e+000  1.5586622e+000  1.9070476e+000  1.5586622e+000  1.1231803e+000  2.9576476e-001
  2.0000000e+000  1.2090065e+000  5.7028611e-001 -2.5092589e-001 -3.4217166e-001 -7.0715477e-001 -6.1590900e-001 -3.4217166e-001 -1.3458752e+000 -9.8089210e-001 -4.3341744e-001  1.1405722e-001  3.8779455e-001  2.9654878e-001 -1.5968011e-001 -4.3341744e-001 -7.0715477e-001 -5.2466322e-001 -8.8964633e-001 -7.0715477e-001 -4.3341744e-001 -2.5092589e-001  2.2127101e+000  2.2127101e+000  2.1214643e+000
  2.0000000e+000 -8.1595401e-001 -1.0805877e+000 -1.3452215e+000 -1.4334327e+000 -1.5216440e+000 -1.4334327e+000 -1.5216440e+000 -6.6893527e-001  1.5436968e-001  1.1835009e+000  1.3305196e+000  1.3011158e+000  1.2423084e+000  8.0125213e-001  8.0125213e-001  8.6005963e-001  9.1886712e-001  6.5423339e-001  4.7781091e-001  3.6019591e-001 -1.3966780e-001 -1.6907155e-001  1.5436968e-001 -1.1026406e-001
  1.0000000e+000 -1.2385691e+000 -1.3335393e+000 -1.5044856e+000 -1.5614677e+000 -1.5424736e+000 -1.4854915e+000 -1.0106408e+000 -1.3691531e-001  6.0385192e-001  1.0027266e+000  1.0027266e+000  9.0775642e-001  7.5580417e-001  5.2787579e-001  5.0888176e-001  6.4183998e-001  7.1781611e-001  1.0976967e+000  1.1356848e+000  9.2675045e-001  5.2787579e-001  2.9994741e-001 -2.6987353e-001 -5.7377803e-001
  1.0000000e+000 -1.0379296e+000 -1.3016576e+000 -1.4694845e+000 -1.5893609e+000 -1.6133362e+000 -1.5174351e+000 -1.0619049e+000 -6.9927812e-003  1.2157462e+000  1.1438204e+000  1.1198451e+000  1.0958698e+000  9.7599346e-001  3.5263633e-001  4.2456215e-001  4.4853743e-001  4.4853743e-001  3.0468578e-001  4.4853743e-001  1.2157462e+000  6.6431490e-001  3.5263633e-001 -1.0289389e-001 -5.1047355e-001
  2.0000000e+000 -3.7357907e-001 -9.8663192e-001 -1.4464215e+000 -1.6763164e+000 -1.7529480e+000 -1.3697899e+000 -9.1000031e-001 -9.8663192e-001 -2.2031586e-001  8.5252662e-001  1.0057898e+000  1.3123162e+000  1.2356846e+000  7.7589501e-001  4.6936859e-001  7.7589501e-001  9.2915822e-001  3.9273699e-001  1.6284217e-001  9.5789557e-003 -3.7357907e-001  1.3123162e+000  9.2915822e-001 -6.7052650e-002
  1.0000000e+000 -1.1591520e+000 -1.3014000e+000 -1.5249326e+000 -1.5655749e+000 -1.6062172e+000 -1.4436480e+000 -1.0778674e+000  1.9474433e-002  7.3071451e-001  1.1777797e+000  1.1777797e+000  1.0964951e+000  1.0355317e+000  7.9167795e-001  7.1039337e-001  4.8686077e-001  4.4621848e-001  4.8686077e-001  2.6332817e-001  8.9328367e-001  6.6975108e-001  4.6653962e-001 -1.2277359e-001 -6.5112336e-001
  2.0000000e+000 -6.9491930e-001 -1.2358295e+000 -1.4161329e+000 -1.5062846e+000 -1.5062846e+000 -1.5062846e+000 -1.0555261e+000 -1.0104502e+000 -6.3857444e-002  1.1081146e+000  1.3785697e+000  1.3334938e+000  1.1081146e+000  7.4750781e-001  6.1228026e-001  1.0630387e+000  9.2781120e-001  6.1228026e-001  2.5167348e-001  1.6152179e-001  2.6294249e-002  6.5735611e-001  2.0659763e-001 -1.9908499e-001
  2.0000000e+000  9.8403309e-001  1.6966088e-001 -5.1942331e-001 -8.3264339e-001 -8.9528740e-001 -7.0735536e-001 -7.0735536e-001 -1.7723037e+000 -8.9528740e-001  4.8288096e-001  6.7081301e-001  7.3345703e-001  7.3345703e-001  4.2023694e-001 -5.1942331e-001 -6.4471135e-001 -7.0735536e-001 -7.6999938e-001 -7.0735536e-001 -2.6884724e-001  2.3230490e-001  2.4248455e+000  1.9236934e+000  1.1719652e+000
